100
0.9340112248014985 0.24216026841532648 0.2626430722462692 44.00490855529249
-0.19860653040391973 0.9630896915719941 -0.18169649596630433 -177.25930742210483
-0.29694851231158237 0.11754394489761263 0.9476312741428621 -402.1216455395535
0.0 0.0 0.0 1.0

0.9671547217542464 -0.15354164965860695 -0.20257498131035745 99.80097017269217
0.06141618095407299 0.9144906956965819 -0.39991842237176217 -218.34629097077078
0.24665709432657518 0.3743416554651806 0.8938840032805344 -502.3035630861061
0.0 0.0 0.0 1.0

0.9161550288126693 -0.3749390858833393 0.14170619666823328 45.434612865852955
0.37972278308498586 0.9250712041983431 -0.007336441320680468 -238.26411460596563
-0.12833760823506857 0.06053039199712231 0.9898815725725502 -396.2933596881569
0.0 0.0 0.0 1.0

0.9424714784697593 0.3325966592922245 0.0335700743649341 69.72436983780501
-0.31615475316607866 0.8542215534353447 0.41273688018200244 -189.7202745174751
0.10859862541407181 -0.39960609800655 0.9102314507858653 -442.36118196762106
0.0 0.0 0.0 1.0

0.9847228511462741 -0.045843766695248825 0.16798552244267506 39.57047876781471
0.05543668457888229 0.9970616575854447 -0.05286598264948067 -164.3766841125109
-0.16506834579094662 0.061370905890468314 0.9843708947804513 -456.1053757838449
0.0 0.0 0.0 1.0

0.9820032595845888 -0.02300560857743617 -0.18745769230671702 18.136807552607866
0.06740643155526613 0.9698770139862961 0.23408335798821225 -155.98091882986347
0.17642567957576435 -0.2425064754662672 0.9539730610333935 -444.8929293234698
0.0 0.0 0.0 1.0

0.9166706279103847 0.058702415676085425 0.395308729774334 191.33517017813546
0.007980672321005414 0.986267215700192 -0.16496452392214514 -206.14329810346902
-0.3995638645374022 0.15437296837924824 0.9036137061609723 -442.91895978608306
0.0 0.0 0.0 1.0

0.9986309533760989 0.049818438898528876 0.01594476058309573 198.64718470912615
-0.052237984950741244 0.9340834696762804 0.3532126986954713 -211.74423465441035
0.0027027687829462113 -0.3535620788600196 0.9354071514890886 -463.80819794464435
0.0 0.0 0.0 1.0

0.9339977670046581 0.16565336315711174 -0.31655493638630505 142.94984226979543
-0.2717659277152632 0.9045656286998015 -0.32848780665953525 -212.4916375287757
0.23192961889960934 0.39283573529405796 0.8898812806201555 -499.74138437613647
0.0 0.0 0.0 1.0

0.946763962379565 -0.058968783310644715 0.3164818583603293 3.599067680765289
0.016003924940192663 0.990486398280843 0.13667715160676994 -162.39426142394285
-0.3215306586799681 -0.12433604141719141 0.9387004619287831 -355.7579178297102
0.0 0.0 0.0 1.0

0.9279629160688182 -0.3175863806222146 -0.19499692193280274 154.15625652736875
0.2910680236817127 0.9443953805647475 -0.1529603023439985 -239.9965412404056
0.23273227578719455 0.08518412870416316 0.9688030544541931 -404.9577443634017
0.0 0.0 0.0 1.0

0.9977206859694808 -0.036619935836824345 -0.056677343773134714 77.57020512907823
0.05859715912702388 0.8867066406775203 0.4586040825012911 -241.81983502600542
0.03346212187034559 -0.4608799276591108 0.8868314526674762 -436.1083630393978
0.0 0.0 0.0 1.0

0.9563068953929639 0.27674240501981845 -0.09429065802843199 73.2548445663749
-0.22941074955494914 0.9102195268356209 0.34477696509605943 -193.8309756300652
0.1812395908130882 -0.3080813061506209 0.9339368910281071 -433.7957326448636
0.0 0.0 0.0 1.0

0.9980058259931017 -0.01648382514781119 -0.06093122053950138 99.48800588990223
0.014905571514556498 0.9995438346785246 -0.026266623471529027 -203.68785379195714
0.061336403155117486 0.025306028686559272 0.9977962972464499 -465.27813546430247
0.0 0.0 0.0 1.0

0.9167772146335176 0.1922706405489758 0.350073825274286 40.626565017637226
-0.12489102457217388 0.9705517500730783 -0.20598907389144683 -205.77608298308115
-0.37937040966305274 0.14512498980065314 0.9137925608062029 -494.9179552490052
0.0 0.0 0.0 1.0

0.9265042159504238 -0.33880541863701075 0.16370966026589853 9.838028669891502
0.22853968934555063 0.8523027367001809 0.4704780656739028 -182.57073013305103
-0.29893069818757384 -0.39848574764762507 0.8670926119006124 -453.7574419117609
0.0 0.0 0.0 1.0

0.9785143949603841 -0.1770291614475894 0.10568949813742073 130.39824862098854
0.20301988417448447 0.9166861306637718 -0.34419377679013907 -168.2588906301614
-0.03595175771451745 0.35825564613525096 0.9329310514281722 -493.49605884355253
0.0 0.0 0.0 1.0

0.9548693214190516 0.19920518554005479 -0.22032190978124433 80.16904025566063
-0.23561903792830372 0.9596469527147727 -0.15349704938778957 -179.11252842344356
0.18085386266081102 0.1984816649487405 0.9632740503532065 -435.8683450651768
0.0 0.0 0.0 1.0

0.9166781214363157 -0.328811005526243 0.2271222881774893 135.36108055486596
0.3574088265593579 0.9288066101685484 -0.09786361221727605 -209.04819970827816
-0.17877403051780527 0.17088493269667857 0.9689366272216315 -390.02404738150705
0.0 0.0 0.0 1.0

0.8861093688416583 0.3292685588924267 0.32617825668739053 164.10042123927585
-0.4104011501640866 0.8844484989980013 0.22208498920668113 -181.75468840432464
-0.2153622625574678 -0.33065557742176177 0.9188503661317475 -399.59400097826415
0.0 0.0 0.0 1.0

0.9241198779363126 0.10661537176888557 0.36692725490034234 183.04521404329958
0.02151677223614238 0.9442408184898257 -0.3285519425693729 -183.3002284233354
-0.3814963401040796 0.3115164589561921 0.8702976593404187 -528.1551394827364
0.0 0.0 0.0 1.0

0.8721542083721575 0.3788596702397053 0.3095358118748312 66.44266942412209
-0.33770426525587877 0.9239952838622502 -0.17941175736553686 -175.5653573286416
-0.35398150461910866 0.05194315971955396 0.9338088775180848 -380.54748558527155
0.0 0.0 0.0 1.0

0.9065691804015478 0.2856155399039609 -0.3107347486392267 68.27547123556506
-0.3450455019972843 0.9255394031748104 -0.1559503354028391 -206.83674074294441
0.24305540318904906 0.24859738792555533 0.937615812041453 -436.62026627079854
0.0 0.0 0.0 1.0

0.8974885443157411 0.3263765956914524 -0.29663553713163615 36.2593201742024
-0.40910145895780736 0.8673467606113194 -0.2834528651090664 -204.51220440056696
0.16477350905943322 0.3757497323815182 0.9119549597946237 -478.454640142691
0.0 0.0 0.0 1.0

0.9443973864351147 -0.1673646412382531 -0.2830240102919217 135.38107221077462
0.0312833282333334 0.9025929818659688 -0.42935674627594606 -237.14231163432325
0.3273146266404198 0.39662949651815416 0.8576422062587195 -460.22461854883403
0.0 0.0 0.0 1.0

0.9552438149393658 0.2352948118704852 -0.1792920989012878 59.728937338389144
-0.20645221069166705 0.9643400860880296 0.16560700148103982 -212.27766767964818
0.21186501481708994 -0.12117981559644565 0.9697570079153469 -443.1962532887027
0.0 0.0 0.0 1.0

0.8931350339888243 -0.38967011357314757 -0.224648521753246 127.35206287014289
0.3161740067394582 0.8991419532360962 -0.30261803336608734 -223.07216845126433
0.3199121453333031 0.19925075984327592 0.9262587899578946 -424.3230832763569
0.0 0.0 0.0 1.0

0.9486540676987819 -0.24441413516038665 0.2007915938798567 52.58260417173202
0.26851493909221985 0.9577788801288093 -0.10275872466583953 -162.7028909231118
-0.1671982602784188 0.1513980155372195 0.9742296375655541 -364.3915542026112
0.0 0.0 0.0 1.0

0.9388012046351182 0.342638643612574 0.03536919451123606 4.192232002445811
-0.33232304941328156 0.8739217081394416 0.35471432325806457 -238.1233027258266
0.0906289188301138 -0.34476023893867686 0.9343055198879503 -468.1499046256776
0.0 0.0 0.0 1.0

0.8795847813165921 -0.3870243282000115 -0.27666354662990295 112.10366175884549
0.29793326921198154 0.9015000003451392 -0.31390061451909734 -178.20696156455094
0.37089934472424246 0.19367494108948322 0.9082531280291452 -454.3621877541385
0.0 0.0 0.0 1.0

0.9248820086574715 0.17033930146064075 0.33996745104696413 73.93710477363035
-0.07350504805796966 0.9572782923850243 -0.2796698037175168 -187.0926762818066
-0.37308222857208834 0.233672244274022 0.8978902686044871 -443.32583173784246
0.0 0.0 0.0 1.0

0.9921034703268882 -0.10172892375211576 0.07336173277112724 197.51871441120508
0.10014318688252476 0.9946592629076169 0.0249885979290008 -242.19029658262596
-0.07551198470024502 -0.0174445961161642 0.9969922899137702 -472.08145234017087
0.0 0.0 0.0 1.0

0.9602794662835996 -0.21592642094746892 0.17674579262887377 155.33615110811783
0.23491115868359014 0.9674197990622513 -0.0944231429545542 -191.95637397706872
-0.15059891311385779 0.13219217273178852 0.979716894279509 -368.1441765603293
0.0 0.0 0.0 1.0

0.9878350103725856 -0.11105700958001703 -0.10884986738518533 140.6145562544497
0.08301126436752522 0.9684953047867627 -0.23478907131625248 -187.1944088333018
0.13149556060138418 0.22289711222250383 0.9659325991073958 -478.5036161619317
0.0 0.0 0.0 1.0

0.8432626435184895 -0.3419089598828936 -0.41473646655622226 171.6425014537646
0.341173420445997 0.936713716358738 -0.07853669318836183 -209.8237230153534
0.415341761346572 -0.07527000781212571 0.9065459988615192 -362.70995121680835
0.0 0.0 0.0 1.0

0.9260321545531196 -0.3768722838870384 0.020777280718847317 28.989063106212313
0.33280594426933435 0.8412448253289005 0.42608374873198956 -180.633815525245
-0.17805792834963363 -0.38765245409476007 0.9044450961820374 -471.201364473823
0.0 0.0 0.0 1.0

0.9918218569964199 0.12757415740566444 -0.003777453152898162 163.3467312493064
-0.11439960218982427 0.9017399512986397 0.41686663289905623 -229.74117546499198
0.056587694311339115 -0.4130252919300131 0.9089598207408299 -454.0133674679691
0.0 0.0 0.0 1.0

0.9778133009170964 -0.20782276042605805 -0.026283977803478905 42.414457101929926
0.20274021089687555 0.9704497199340495 -0.13085763898534006 -235.64766644866094
0.05270247034118836 0.12262551233973344 0.9910526903097403 -436.0650786522421
0.0 0.0 0.0 1.0

0.9765178766597304 0.13354230174117318 -0.16905381800929153 133.3249513677488
-0.12724187344692428 0.99072803351625 0.04761869788431845 -201.814589095773
0.1738454563389672 -0.024989784667743004 0.9844558202158604 -436.24791689380544
0.0 0.0 0.0 1.0

0.863982209980158 0.36510344953360674 0.346748071981762 63.40422508229737
-0.31211106072624223 0.928713063341184 -0.20019697617946194 -157.6162396709
-0.39512205807630674 0.06474271040115188 0.9163443284862179 -469.3445150178723
0.0 0.0 0.0 1.0

0.9010799509430845 -0.304851543456562 0.30841614748444857 86.67786909758382
0.18024805621559534 0.9101500568445039 0.3730114265469277 -201.4004629776654
-0.394418077161216 -0.28052169139494687 0.8750668554373804 -486.7141203754457
0.0 0.0 0.0 1.0

0.9665877650418873 -0.22004324357901536 -0.13148759897450596 60.0593380961216
0.1473177933960732 0.8966330293063534 -0.41754847891375807 -240.15691097010313
0.20977483910039949 0.38422680608659693 0.899090786585126 -449.18099261701167
0.0 0.0 0.0 1.0

0.9609673138266818 0.26212744247368985 -0.0884927978391887 74.40695353453587
-0.24194295391814258 0.9513598378690316 0.19073026929692244 -161.792230594552
0.13418413108560495 -0.16187535265938743 0.977645635217425 -407.21032133110975
0.0 0.0 0.0 1.0

0.9026229693262341 0.03540235147798317 -0.4289736012761632 160.4693684219515
-0.006015974990368095 0.9975521548828243 0.06966752682655303 -166.57083890520815
0.4303899470393277 -0.06030281775426286 0.9006264905003892 -452.4372553255675
0.0 0.0 0.0 1.0

0.8717758663718227 -0.23588061945180805 -0.4293801213623756 185.86077841848868
0.25198875820417616 0.9675255822662507 -0.019895786124337456 -165.76230911772393
0.42012929580110814 -0.09085429395345959 0.9029046950133638 -446.4108712969454
0.0 0.0 0.0 1.0

0.936106562107856 0.302648023253394 0.1791892734985096 72.52175293288127
-0.2904268418812524 0.9525079752201984 -0.09154679650159102 -235.2602449168422
-0.19838566978127353 0.03365617267954183 0.9795460144812558 -442.1241921759384
0.0 0.0 0.0 1.0

0.9232902036490223 -0.3531167071003941 -0.15114201070714445 43.3633586427361
0.342499280622001 0.9349848210425816 -0.09218210622491942 -164.51726624755156
0.17386653801036892 0.03334480211516962 0.9842045255924267 -419.48915537699935
0.0 0.0 0.0 1.0

0.9280989675903113 -0.1460432090497078 0.3424963314014313 0.07007697013453051
-0.0057584832898157825 0.9141238427657046 0.4053941076723692 -160.85700725579832
-0.37228913081708415 -0.3782181076279359 0.8475564066615343 -463.47417909435393
0.0 0.0 0.0 1.0

0.9104960715842814 0.07275736690079347 -0.4070666171813159 9.351771924145657
-0.03268855983153255 0.9939828116751863 0.10454495751731238 -238.5387141827551
0.41222362341817936 -0.08188134938232043 0.9073958036302056 -499.82484172610606
0.0 0.0 0.0 1.0

0.8734078204652035 -0.13343424223308276 0.46835250555468366 24.980466355090588
0.29198792992500305 0.9131749400300111 -0.2843493903673654 -172.4151605776952
-0.3897458047500873 0.38510628800212415 0.8365353188495769 -458.8295205982858
0.0 0.0 0.0 1.0

0.9801857797293179 -0.08377542998368906 -0.17949230269776015 195.57776703503615
-0.00045985729402824943 0.9051943537239824 -0.42499755433657116 -210.59882834487868
0.19807978034698784 0.4166591076429298 0.8872201449042472 -482.73339810504
0.0 0.0 0.0 1.0

0.8912041869531738 0.0026011714330447583 -0.45359497629454815 117.40746644193653
-0.17645951653808348 0.9232031000777667 -0.34140600470464216 -186.30612348012636
0.41787222914483135 0.38430360858880613 0.8232214402864173 -419.78896738040294
0.0 0.0 0.0 1.0

0.8723364810643364 0.26703577901111125 -0.40953744110174 43.50713784749177
-0.31507354465600923 0.9475712846940603 -0.05326664755493545 -181.7304355527744
0.37384182903076074 0.1755008602992349 0.9107369226263807 -413.0074677999811
0.0 0.0 0.0 1.0

0.9989844143832303 -0.03701303198010482 -0.025696542822156387 152.23599992571323
0.04452601517742745 0.8983321584833199 0.4370546248414884 -233.0245377646637
0.006907314078365547 -0.4377548961122199 0.8990678137700702 -452.19699602419365
0.0 0.0 0.0 1.0

0.9789052074575987 -0.1852183504001132 -0.08624826897960731 78.99773437294542
0.18513534275027663 0.9826715230194135 -0.00903029464170117 -225.35437677603414
0.08642629810829086 -0.007127801381835141 0.996232749474785 -386.4784633870301
0.0 0.0 0.0 1.0

0.9540829912712562 0.28605426429185343 0.08887397336019262 86.58911387055643
-0.2988885784296437 0.8895416392077006 0.34551598084758944 -249.4481610598388
0.01977920752625702 -0.35621432801398817 0.9341948969887182 -431.7690837510377
0.0 0.0 0.0 1.0

0.8784162212428478 0.26593583365360035 0.3970680881129532 105.33409846813066
-0.257332442339758 0.963336924144726 -0.07590836052213262 -240.2555168673895
-0.4026970761348105 -0.03549936321416471 0.9146446634869577 -468.0924081500059
0.0 0.0 0.0 1.0

0.9049797605892343 -0.3516861334780984 0.23943358856931765 142.83734894128082
0.386059685465116 0.9153090010224629 -0.11474896145006509 -208.04861798921374
-0.17880009641362696 0.19628115541749425 0.9641080068623266 -463.98187116819895
0.0 0.0 0.0 1.0

0.9717662371579308 0.12197059634432712 0.20197428853511498 140.27190752470176
-0.18350220691338337 0.9287835931260305 0.32200598908641714 -236.1608928497852
-0.14831515316043456 -0.3499772720079536 0.9249424501169452 -458.56713220560675
0.0 0.0 0.0 1.0

0.9218450456057994 0.35905925084569074 -0.1458706269332099 50.99105988321486
-0.3117293315797494 0.910587205507869 0.2713957790509304 -241.07343947738255
0.23027510446838897 -0.2047127047360318 0.951349611112414 -450.77656426889934
0.0 0.0 0.0 1.0

0.9940131893749651 0.10633834646854891 -0.02509732088536343 17.830043428768136
-0.10917309610062363 0.9575128716291744 -0.2669277226378899 -219.213736237928
-0.004353646918789591 0.2680696459241359 0.9633897076671137 -434.96121696181166
0.0 0.0 0.0 1.0

0.9577147214825178 0.0028921309812896213 -0.2877049388044354 174.93363070838316
0.029351134604865166 0.9937507263945969 0.10769391990781658 -246.44539873106672
0.28621846236843684 -0.11158451628365194 0.9516448262065488 -437.2203861535468
0.0 0.0 0.0 1.0

0.9805948558358696 0.1443185975969862 -0.13268706100729769 3.6691550900543324
-0.0843616619533735 0.9215801639956778 0.37891055246508104 -219.48072356520612
0.17696558867013676 -0.36036402054628497 0.9158717000287955 -414.825972804624
0.0 0.0 0.0 1.0

0.9718811118977035 0.1822671702433363 0.14908360258050277 189.0788430562492
-0.22326811237774088 0.9144757028136881 0.33746926702645397 -199.0122588834145
-0.07482375358147508 -0.361265600467653 0.9294560693251521 -380.66520491352424
0.0 0.0 0.0 1.0

0.9590294128818334 0.2485206907472929 -0.13601479997484087 12.20266936546638
-0.2529684300890841 0.9673392000898804 -0.01617731008402552 -169.29012796861252
0.12755206297841895 0.04992196937014508 0.990574714724196 -423.34855782924535
0.0 0.0 0.0 1.0

0.9849802875464225 0.0438150259560292 -0.16701503065704768 88.40711990847944
-0.006974210335340699 0.976574760640194 0.21506557115427086 -182.27724479767764
0.17252575228509814 -0.21067054909970576 0.9622124404204675 -449.2401779937443
0.0 0.0 0.0 1.0

0.9828758151705689 0.1566654973202102 0.097010236739764 85.04315011744795
-0.09338946814556706 0.8773503297844594 -0.47067483893685647 -155.19753879012688
-0.15885046573258285 0.45355520300823693 0.8769573600934559 -424.8502542033675
0.0 0.0 0.0 1.0

0.9166170302528517 -0.38700970128236806 0.10018340561124363 6.275091853950698
0.31753167602562105 0.8570808222403227 0.4056922834632178 -182.74999437428318
-0.24287210511031151 -0.3400530576572116 0.908502668148447 -475.6120540297191
0.0 0.0 0.0 1.0

0.9329379349608126 0.029707872409490924 0.3588095222772293 173.54662477133627
-0.14690311321202038 0.94126824296924 0.30402875400846113 -247.44810944699398
-0.32870396032634347 -0.33635020606397303 0.8825090700296182 -424.3444955988477
0.0 0.0 0.0 1.0

0.9591457679039801 -0.15507947199919242 -0.23662162905950376 196.9650186073245
0.15448224133968144 0.9877684456332595 -0.021179973109029495 -196.33686577954126
0.23701197020816805 -0.016239158334638817 0.9713710011782122 -451.5873180622106
0.0 0.0 0.0 1.0

0.91316253306479 0.10608342230288972 0.3935486707666239 154.1893465033639
-0.03320554292724442 0.9816893442121084 -0.1875724700548683 -176.75685795212732
-0.4062408724255508 0.15821615440283335 0.8999644488100873 -453.26196815384463
0.0 0.0 0.0 1.0

0.9265406897853051 0.331330792426632 -0.17816344566489617 51.72790645841248
-0.24522000011709025 0.8910850019931119 0.3818830272063678 -201.57109134311835
0.2852883705670194 -0.3101409240345245 0.9068754753573037 -435.3998848914471
0.0 0.0 0.0 1.0

0.9007250701212861 0.09049012517635889 0.4248597728843802 25.388269797296665
0.05636558417677938 0.9454455934777044 -0.3208667672046068 -153.87076766206218
-0.4307170847756402 0.31296022790258615 0.8464860576740023 -438.84611625175376
0.0 0.0 0.0 1.0

0.9321325825582096 -0.34687473833742744 -0.10395555003236429 151.5138304124252
0.36125539913073446 0.870978546105326 0.3330029555366877 -161.27068943108992
-0.02496726997601253 -0.3479574166586094 0.937177814350704 -374.50171986032285
0.0 0.0 0.0 1.0

0.9181325828351836 0.29347976278909715 0.26627450390525265 162.3314007489998
-0.16637264482920677 0.8953367678723729 -0.4131490803471729 -208.73184782693951
-0.3596562530294315 0.3350248775342594 0.8708649113753364 -533.5046600304346
0.0 0.0 0.0 1.0

0.9113131672775496 0.22745528881232188 -0.3431798353351223 71.94691415608916
-0.059854061622214606 0.8978768336785871 0.4361592068146644 -213.26232142437811
0.40733990220413 -0.37693690340490166 0.8318610529857082 -478.6461885252422
0.0 0.0 0.0 1.0

0.9569693444279316 0.22614920038716277 -0.18184091981565131 128.13703275349488
-0.18568356789852708 0.9587586268945157 0.21518256966552934 -158.80053233890817
0.2230049120217344 -0.1721582677805916 0.95949484225 -396.0267129445895
0.0 0.0 0.0 1.0

0.9272087058341505 0.021294301495932207 -0.3739392310791052 131.8786683510476
0.13875304279233408 0.9078181806143936 0.3957444384763339 -154.476878757705
0.3478959568874327 -0.41882291483382056 0.8387823192768972 -414.8928603844262
0.0 0.0 0.0 1.0

0.9530596839943039 0.2585871070076894 0.1575119712248949 173.77604381084356
-0.29805758517725683 0.8927896933203867 0.3377696513772243 -169.32191824317903
-0.05328216980525693 -0.3688622509961996 0.9279556344308845 -461.38443680631303
0.0 0.0 0.0 1.0

0.8210827815120513 0.264712811493565 -0.5057174932976667 34.44070088688642
-0.35778992978743374 0.9289943750662194 -0.09463466411603014 -189.27315448668895
0.44475773255734435 0.25864352525444934 0.8574928886598167 -401.9685064717937
0.0 0.0 0.0 1.0

0.915464048131309 -0.30738779999683263 0.2596889085165625 127.42263881738313
0.18468860325234707 0.8943247015939321 0.40752105233253855 -215.42823268216284
-0.35751320283094334 -0.3251093113620937 0.8754931159397714 -507.37710475340793
0.0 0.0 0.0 1.0

0.9920787311778019 -0.06433338938043655 0.10789354091308657 56.05587238193512
0.04833705992854677 0.9882767796668436 0.14481897495719198 -226.80302080898886
-0.11594537084146432 -0.13845656980451915 0.9835580525678057 -343.9256990086444
0.0 0.0 0.0 1.0

0.9219382517398746 -0.13656311400458795 -0.3624642442440309 174.2831212788924
0.2566897204849664 0.9162025340733634 0.3077065011098006 -181.78756661677747
0.29006929575287516 -0.3767272475078507 0.8797365350478002 -521.3174128481181
0.0 0.0 0.0 1.0

0.9436650648041165 0.05460272524103541 -0.326365994634278 145.7065873572029
-0.000676166221329244 0.9866076894205505 0.1631094996416985 -153.44306996295404
0.33090144848092945 -0.15370006305668296 0.9310641880342055 -409.3129402153328
0.0 0.0 0.0 1.0

0.9258715302364925 0.35312889332991826 0.13439490676100924 39.71978468351925
-0.3774363415442078 0.8479916613572154 0.3720913553305005 -184.39817461993317
0.017430452503325776 -0.39523429618189654 0.918414964734309 -453.6908946903216
0.0 0.0 0.0 1.0

0.9848501106673949 0.0897854163525005 0.14835396165762074 164.57662758678526
-0.09691378295946636 0.994426097353309 0.041526172281964716 -236.4981421407904
-0.14379861496738722 -0.05527459914320725 0.9880620809601247 -425.4945112730453
0.0 0.0 0.0 1.0

0.9436250594846046 0.16696282750726638 0.2858237081606164 167.53311739843156
-0.04522930866719853 0.9204088985068729 -0.3883321784955184 -175.75502618479027
-0.32791169069818327 0.3535123547399646 0.8760724321540616 -392.33325353008337
0.0 0.0 0.0 1.0

0.8982268638020259 0.12863317126202983 0.42028800076109424 90.99536269674249
-0.13853091841610082 0.9903330781453359 -0.007036824386368144 -206.4227000367707
-0.41713031729279754 -0.05190221995695786 0.9073634679000636 -444.4137684277892
0.0 0.0 0.0 1.0

0.9901631480924049 0.0365255123825741 -0.1350662364759125 32.98840817133441
-0.09459698056325165 0.8860273485063125 -0.4538798420093898 -229.24975332018553
0.1030941867619029 0.4621919265472994 0.8807668479935605 -412.5792186773836
0.0 0.0 0.0 1.0

0.9566782258184098 -0.1745564703272578 0.23301692134832208 169.21698708736022
0.2573102607135939 0.8813937066601053 -0.3961520932917104 -199.58961183390792
-0.1362287412507729 0.43894770067437217 0.888125332013925 -404.9648635305961
0.0 0.0 0.0 1.0

0.9977332833339871 -0.017455120287207186 -0.0649887913803505 44.291914910944804
0.04211256589550933 0.9152374892825821 0.40070804500117685 -222.04428769075372
0.05248576793232446 -0.402536598884231 0.9138979818479774 -408.2650139585382
0.0 0.0 0.0 1.0

0.8529938449833888 -0.4192816405148256 0.31081260827753343 105.69018700727345
0.3002815805046125 0.8813310682478954 0.3648101219731779 -235.24225079774536
-0.4268869991414496 -0.21784949452979593 0.8776725244437966 -470.9004196166482
0.0 0.0 0.0 1.0

0.946754271928953 -0.04993600015264062 0.318060995781592 42.14838407107556
0.19224963118378313 0.8801228356810189 -0.43407818229140754 -159.8511630466792
-0.2582566219047079 0.47211246676576557 0.8428601976670342 -412.50427598490154
0.0 0.0 0.0 1.0

0.9854826686656695 -0.09400765011897418 0.1413736348810027 195.0727379194269
0.13145769407854013 0.9494694453946839 -0.2850026708267365 -219.35126409406826
-0.10743751659620679 0.29944985406315666 0.9480437473601964 -439.5520196628304
0.0 0.0 0.0 1.0

0.9050632052694225 0.2892641008570175 -0.31174798765159006 108.37105265342903
-0.294729767958162 0.9550920953942216 0.03055281698454074 -151.73101185069683
0.30658586944991495 0.06422917954676571 0.949673481590193 -441.6549420281448
0.0 0.0 0.0 1.0

0.9852134608507874 0.017524472474202975 0.1704327790184958 171.04868459201666
-0.002172941145983772 0.995953292095638 -0.08984625154186907 -237.68085932726228
-0.17131759078325107 0.0881473921056754 0.9812646558649801 -433.14669913589955
0.0 0.0 0.0 1.0

0.9234558566559727 -0.2994013383254612 0.23997528652521583 98.82060470031061
0.3605107896430511 0.8911533911322923 -0.2754586543440019 -243.3426625693795
-0.1313821118577819 0.3408876086733303 0.9308782871779047 -364.62073845557507
0.0 0.0 0.0 1.0

0.9336183181860608 -0.2902578151121983 -0.2100173951478798 18.795501981522882
0.3517326084989091 0.8540526887025977 0.38324692929185417 -194.74100074266627
0.06812549392586782 -0.4316763035184218 0.8994523244617825 -384.3289082131748
0.0 0.0 0.0 1.0

0.9696118036596109 0.18119528306278865 -0.1643812565404536 165.5820410001484
-0.17903554267824012 0.9834444071666756 0.02798694550602396 -188.44611012146578
0.16673093190090527 0.0022936114208562132 0.9859997646540707 -382.4913779692292
0.0 0.0 0.0 1.0

0.9750038341219694 0.07057985066697067 0.21068000276182677 188.0893135470356
-0.129935092874991 0.9502867268738632 0.2829699430253041 -169.68875157984232
-0.18023442811440324 -0.30327149798966857 0.9357039769965648 -412.37411214465925
0.0 0.0 0.0 1.0

